"control","test"
119.100465371351,123.293050305681
122.321533325093,123.319849500897
122.448698222732,128.020585635581
120.946040104862,125.228495923383
118.294792366845,125.106565967435
120.330525146718,124.3600982933
119.539498493565,122.115993978211
120.738011361184,123.295829211592
118.671548067864,123.990206636133
118.829935984594,128.348852618489
120.155857797209,122.611207165113
120.530355330149,124.789279615219
116.031061494109,123.602587738935
117.474715348033,129.696089481986
120.868957673281,124.844409857785
117.93888909819,118.128165297014
118.75895181065,125.804030068565
119.039979372289,126.41068912511
122.100249128696,125.584312494417
123.936315275116,119.779872935627
118.062777474906,124.938803589155
117.119175640492,118.199260218859
121.638804955754,120.563567880763
121.163448374904,126.138746467628
120.289497852533,125.061022819199
121.293304075325,127.988611320983
123.483887946324,121.408999946851
122.130783582823,123.646144203023
121.479183008805,128.687778351164
118.451611253842,124.949233762852
